[
  [
    0,
    60550,
    53498,
    57757,
    64638,
    57048,
    -16932,
    58569,
    56377,
    -8681,
    -20699,
    -14337,
    66568,
    64332,
    -14556,
    -19043,
    -9224,
    -33253,
    39418,
    -54894,
    -9276,
    -11224,
    13755,
    61862,
    48609,
    31919,
    48261,
    63878,
    33154,
    62198,
    63003,
    57496,
    -58619,
    -57617,
    62220,
    15042,
    40943,
    -38771,
    59455,
    63969,
    39185,
    65053,
    61690,
    68783,
    62946,
    49592,
    67635,
    -14632,
    -15032,
    61544,
    -14641,
    -20278,
    -8856,
    -46821,
    -24913,
    -49548,
    -7624,
    43942,
    -57167,
    -54082,
    62591,
    46794,
    63658,
    27696,
    -66463,
    -39319,
    6574,
    -7224,
    61555,
    34362,
    -49054,
    29241,
    61539,
    15183,
    44422,
    -63889,
    -44268,
    63280,
    62412,
    52265,
    65836,
    40073,
    55344,
    58960,
    15460,
    40855,
    32734,
    -49501,
    32579,
    47671,
    13203,
    -19618,
    -63286,
    18369,
    40130,
    -43181,
    -43528,
    8317,
    -59592,
    -33455,
    -69751,
    14621,
    18746,
    36311,
    -37955,
    -60179
  ],
  [
    -60550,
    0,
    -36431,
    -38782,
    36154,
    8501,
    -54969,
    -40558,
    -23450,
    -61219,
    -57449,
    -67455,
    13210,
    -27266,
    -62871,
    -63589,
    -57369,
    -69287,
    -39860,
    -61019,
    -55585,
    -67891,
    -51639,
    -20647,
    -49793,
    -51347,
    -27619,
    -2315,
    -58634,
    -10934,
    12123,
    -40241,
    -67815,
    -67082,
    2527,
    -64220,
    -42074,
    -63270,
    -1088,
    22634,
    -41002,
    6605,
    40575,
    47631,
    -3574,
    -39245,
    5548,
    -62060,
    -56344,
    25119,
    -60659,
    -64648,
    -62655,
    -68311,
    -60952,
    -69782,
    -62998,
    -61479,
    -68463,
    -66810,
    9759,
    -52483,
    -12620,
    -56471,
    -67988,
    -67162,
    -59775,
    -59939,
    38899,
    -54607,
    -65775,
    -52495,
    -22193,
    -62773,
    -43434,
    -68408,
    -61267,
    -31377,
    51109,
    -42680,
    -7073,
    -56609,
    -20923,
    -34859,
    -61457,
    -59414,
    -55196,
    -68682,
    -54836,
    -37788,
    -56602,
    -65751,
    -66891,
    -59742,
    -56665,
    -69003,
    -66579,
    -58655,
    -64319,
    -65005,
    -67676,
    -49323,
    -61917,
    -53489,
    -67244,
    -67901
  ],
  [
    -53498,
    36431,
    0,
    12648,
    55954,
    43996,
    -53346,
    -1097,
    13854,
    -50778,
    -53162,
    -55797,
    39551,
    15707,
    -54894,
    -41942,
    -42558,
    -56887,
    -9313,
    -63861,
    -37868,
    -51039,
    -17657,
    27897,
    -15076,
    -20673,
    6296,
    45368,
    -42434,
    26925,
    41340,
    -1838,
    -65285,
    -59096,
    37721,
    -49496,
    -11879,
    -58195,
    37672,
    42562,
    -9145,
    34318,
    56810,
    57394,
    32833,
    -5261,
    41268,
    -45462,
    -41362,
    49391,
    -60409,
    -61109,
    -47485,
    -67401,
    -49483,
    -61033,
    -48052,
    -44209,
    -64673,
    -64871,
    36919,
    -22069,
    30348,
    -33753,
    -72265,
    -63055,
    -41542,
    -47573,
    48093,
    -36761,
    -59460,
    -24498,
    19431,
    -42873,
    -18293,
    -67683,
    -67972,
    14911,
    52515,
    -1936,
    24408,
    -34616,
    19969,
    -3462,
    -41101,
    -32317,
    -38034,
    -66730,
    -38102,
    -9955,
    -37792,
    -55147,
    -77058,
    -36211,
    -24313,
    -58646,
    -59247,
    -49283,
    -66438,
    -59391,
    -68789,
    -38336,
    -50919,
    -38259,
    -63584,
    -65850
  ],
  [
    -57757,
    38782,
    -12648,
    0,
    54367,
    39152,
    -50458,
    -7976,
    12539,
    -55430,
    -55230,
    -56695,
    38959,
    8530,
    -62311,
    -49370,
    -45295,
    -57391,
    -9427,
    -68970,
    -39324,
    -57259,
    -20450,
    18855,
    -18443,
    -20605,
    1124,
    30360,
    -44203,
    29376,
    43156,
    -6523,
    -66162,
    -57768,
    42011,
    -54221,
    -12097,
    -56176,
    36267,
    45391,
    -11585,
    30365,
    54115,
    58960,
    31230,
    -10242,
    31374,
    -53378,
    -53232,
    44288,
    -58894,
    -59533,
    -52247,
    -69332,
    -52051,
    -62841,
    -53606,
    -40157,
    -65076,
    -63642,
    34403,
    -32572,
    27678,
    -39971,
    -65492,
    -64361,
    -42250,
    -52588,
    47923,
    -44211,
    -61276,
    -30688,
    11644,
    -46375,
    -20686,
    -67674,
    -63666,
    17241,
    54710,
    -2857,
    26661,
    -37645,
    18711,
    -4935,
    -43952,
    -45024,
    -33771,
    -63594,
    -35089,
    -13827,
    -44985,
    -55228,
    -69967,
    -42211,
    -31743,
    -62162,
    -60349,
    -49427,
    -68081,
    -55836,
    -64497,
    -38903,
    -49174,
    -37098,
    -59728,
    -62796
  ],
  [
    -64638,
    -36154,
    -55954,
    -54367,
    0,
    -26138,
    -67539,
    -55824,
    -52135,
    -69355,
    -63341,
    -64586,
    -30543,
    -46303,
    -62762,
    -57281,
    -56697,
    -66970,
    -45406,
    -69127,
    -59477,
    -69967,
    -52103,
    -47090,
    -57365,
    -53464,
    -49825,
    -47163,
    -58627,
    -35502,
    -24070,
    -54194,
    -70208,
    -65307,
    -41126,
    -61854,
    -53924,
    -62940,
    -31596,
    -29924,
    -53163,
    -30691,
    12771,
    20907,
    -43976,
    -56351,
    -31276,
    -65121,
    -61883,
    -18529,
    -66466,
    -68071,
    -64370,
    -71708,
    -67500,
    -64395,
    -66262,
    -61657,
    -73480,
    -67406,
    -16725,
    -62622,
    -35226,
    -59039,
    -68351,
    -67473,
    -59908,
    -66465,
    8727,
    -63461,
    -63710,
    -56858,
    -45166,
    -60029,
    -59972,
    -70173,
    -67688,
    -49322,
    11496,
    -57194,
    -34713,
    -57924,
    -45305,
    -54250,
    -59913,
    -63148,
    -60506,
    -70245,
    -61532,
    -53721,
    -59344,
    -58640,
    -71992,
    -58293,
    -59755,
    -66061,
    -71300,
    -63546,
    -64708,
    -65613,
    -68811,
    -56842,
    -64161,
    -61808,
    -64220,
    -70106
  ],
  [
    -57048,
    -8501,
    -43996,
    -39152,
    26138,
    0,
    -61251,
    -46793,
    -29712,
    -62968,
    -60556,
    -61437,
    -1888,
    -34149,
    -62093,
    -57010,
    -56743,
    -62161,
    -35657,
    -67469,
    -52919,
    -63832,
    -47870,
    -17858,
    -48028,
    -45726,
    -36095,
    -15776,
    -61151,
    -25487,
    2089,
    -49512,
    -66220,
    -64319,
    -4849,
    -60234,
    -46900,
    -59891,
    -11304,
    2567,
    -42256,
    -11680,
    34241,
    42534,
    -17976,
    -44478,
    -10325,
    -60728,
    -64000,
    10148,
    -61480,
    -58623,
    -59506,
    -70269,
    -61033,
    -63303,
    -59967,
    -56746,
    -70475,
    -63493,
    -2344,
    -54524,
    -19288,
    -55753,
    -67012,
    -66255,
    -56941,
    -59647,
    21366,
    -60997,
    -67092,
    -48280,
    -31404,
    -64100,
    -48024,
    -68495,
    -65779,
    -34090,
    36972,
    -48934,
    -10458,
    -55602,
    -29969,
    -45103,
    -62670,
    -58595,
    -57779,
    -64551,
    -58613,
    -44605,
    -58130,
    -69843,
    -59415,
    -56417,
    -58880,
    -64704,
    -63092,
    -57118,
    -58495,
    -68062,
    -68346,
    -58234,
    -61436,
    -53309,
    -66778,
    -68390
  ],
  [
    16932,
    54969,
    53346,
    50458,
    67539,
    61251,
    0,
    54389,
    57231,
    10740,
    -2551,
    1824,
    62161,
    59013,
    9227,
    996,
    13215,
    -22647,
    55996,
    -32675,
    6174,
    13792,
    41444,
    58213,
    40605,
    42629,
    45148,
    56751,
    37106,
    57037,
    65718,
    54123,
    -45328,
    -58551,
    60680,
    15669,
    41788,
    -37049,
    64437,
    63547,
    53376,
    60261,
    64841,
    61851,
    56200,
    51848,
    63317,
    2180,
    695,
    65099,
    6647,
    1849,
    14325,
    -29530,
    -4527,
    -35108,
    15033,
    37771,
    -47381,
    -31969,
    66450,
    40889,
    57254,
    43658,
    -67439,
    -6978,
    31964,
    21308,
    66367,
    26954,
    -60369,
    45633,
    56296,
    23231,
    38516,
    -55833,
    -29528,
    57376,
    65933,
    49583,
    62167,
    43269,
    51793,
    55528,
    27691,
    38562,
    43315,
    -23157,
    45157,
    52854,
    30584,
    10084,
    -68857,
    33038,
    42232,
    -14010,
    -22714,
    21301,
    -50660,
    -11015,
    -58313,
    38757,
    23639,
    34198,
    -17940,
    -48427
  ],
  [
    -58569,
    40558,
    1097,
    7976,
    55824,
    46793,
    -54389,
    0,
    16291,
    -53679,
    -59231,
    -56011,
    47316,
    23093,
    -56722,
    -52799,
    -49696,
    -58137,
    -3569,
    -67540,
    -43903,
    -54765,
    -24525,
    26501,
    -8242,
    -18208,
    15327,
    35493,
    -44419,
    26921,
    48004,
    3653,
    -63613,
    -70594,
    43467,
    -42282,
    -7996,
    -54647,
    42960,
    45829,
    -17157,
    35144,
    55688,
    56801,
    37794,
    2454,
    42789,
    -53365,
    -46725,
    52143,
    -60060,
    -60088,
    -58200,
    -62308,
    -53827,
    -65588,
    -48769,
    -25507,
    -67381,
    -65299,
    40705,
    -8357,
    36236,
    -40503,
    -65884,
    -60626,
    -42224,
    -50835,
    51841,
    -29118,
    -67891,
    -43980,
    24272,
    -44314,
    -12436,
    -66860,
    -65236,
    27428,
    59965,
    6371,
    33872,
    -29560,
    20120,
    2488,
    -42595,
    -26635,
    -31433,
    -57881,
    -31607,
    -10343,
    -49433,
    -59947,
    -65985,
    -37546,
    -28527,
    -66001,
    -64478,
    -45553,
    -64906,
    -65435,
    -67595,
    -35551,
    -38265,
    -29164,
    -61824,
    -67090
  ],
  [
    -56377,
    23450,
    -13854,
    -12539,
    52135,
    29712,
    -57231,
    -16291,
    0,
    -58695,
    -66745,
    -61914,
    39326,
    10116,
    -60690,
    -56881,
    -46773,
    -57727,
    -18610,
    -67190,
    -50589,
    -57453,
    -36159,
    13799,
    -23273,
    -29828,
    -5637,
    22786,
    -50452,
    16815,
    34802,
    -11764,
    -69709,
    -69382,
    34292,
    -47843,
    -23707,
    -60512,
    25869,
    42168,
    -21427,
    37153,
    50771,
    52470,
    20772,
    -14186,
    28938,
    -56604,
    -48724,
    40155,
    -61980,
    -57245,
    -59310,
    -66840,
    -60936,
    -66299,
    -57831,
    -39878,
    -69802,
    -64809,
    25747,
    -26463,
    25198,
    -39221,
    -65788,
    -67626,
    -51287,
    -53596,
    44858,
    -38089,
    -65662,
    -37680,
    11267,
    -48228,
    -19659,
    -66524,
    -65988,
    7490,
    55042,
    -6059,
    22555,
    -35462,
    4332,
    -10194,
    -50110,
    -38441,
    -41868,
    -67290,
    -41057,
    -19123,
    -46849,
    -56041,
    -64196,
    -39456,
    -33841,
    -61147,
    -64658,
    -53872,
    -67994,
    -59917,
    -69400,
    -45515,
    -41521,
    -39194,
    -59521,
    -66273
  ],
  [
    8681,
    61219,
    50778,
    55430,
    69355,
    62968,
    -10740,
    53679,
    58695,
    0,
    -15205,
    -11869,
    63130,
    62101,
    -12207,
    -14719,
    -1798,
    -28211,
    52589,
    -46764,
    -5101,
    -5168,
    24950,
    56837,
    46554,
    40195,
    51348,
    59641,
    30105,
    60238,
    58838,
    50019,
    -58303,
    -60311,
    63625,
    14211,
    44304,
    -33446,
    64915,
    62772,
    44120,
    62745,
    66341,
    68638,
    58076,
    50472,
    61108,
    -10200,
    -15749,
    66040,
    495,
    -11892,
    -4786,
    -39994,
    -26782,
    -48327,
    -97,
    46571,
    -60452,
    -51037,
    64333,
    44715,
    59544,
    33651,
    -64581,
    -22426,
    7780,
    -3318,
    61869,
    32119,
    -49983,
    31280,
    62303,
    15209,
    43632,
    -64136,
    -43822,
    65917,
    70850,
    51947,
    58758,
    46615,
    58082,
    57165,
    20262,
    36877,
    40224,
    -37715,
    40162,
    54154,
    17605,
    -11788,
    -66793,
    30954,
    44375,
    -36683,
    -46009,
    13844,
    -58773,
    -25019,
    -69385,
    28831,
    24076,
    38064,
    -35564,
    -48665
  ],
  [
    20699,
    57449,
    53162,
    55230,
    63341,
    60556,
    2551,
    59231,
    66745,
    15205,
    0,
    8500,
    61964,
    59001,
    15023,
    586,
    12566,
    -19969,
    51892,
    -33655,
    11994,
    13817,
    31322,
    57828,
    41467,
    44639,
    45617,
    59326,
    45470,
    57037,
    62943,
    57070,
    -43931,
    -57294,
    61563,
    24774,
    41982,
    -27276,
    60778,
    61747,
    55414,
    61982,
    66056,
    66561,
    64719,
    53280,
    61376,
    6263,
    5773,
    68279,
    14178,
    9933,
    18639,
    -27643,
    2684,
    -39042,
    23098,
    40526,
    -44740,
    -29749,
    66042,
    44966,
    62365,
    39684,
    -64657,
    1928,
    28250,
    23199,
    66053,
    37261,
    -48637,
    45314,
    59545,
    33307,
    45710,
    -57573,
    -23163,
    55685,
    64179,
    55665,
    62815,
    45617,
    57675,
    59190,
    31539,
    41533,
    44059,
    -16277,
    43976,
    55070,
    31442,
    12341,
    -64968,
    34056,
    41364,
    -6549,
    -22454,
    31878,
    -54146,
    -2723,
    -64360,
    35573,
    32090,
    43875,
    -11025,
    -43844
  ],
  [
    14337,
    67455,
    55797,
    56695,
    64586,
    61437,
    -1824,
    56011,
    61914,
    11869,
    -8500,
    0,
    66462,
    56637,
    -741,
    -9425,
    1143,
    -25757,
    56485,
    -50559,
    4181,
    6940,
    29116,
    60732,
    52855,
    44594,
    49755,
    66213,
    40476,
    63647,
    68134,
    58718,
    -56374,
    -55606,
    64780,
    19739,
    42316,
    -30737,
    64401,
    62031,
    48720,
    62353,
    73044,
    61780,
    66363,
    56095,
    56076,
    -4158,
    -5952,
    69349,
    8034,
    2835,
    -79,
    -35881,
    -18118,
    -48059,
    8496,
    44915,
    -57819,
    -46200,
    65065,
    51207,
    64444,
    40079,
    -64056,
    -19620,
    16789,
    2204,
    66087,
    35709,
    -50534,
    46105,
    59784,
    25044,
    46350,
    -66016,
    -35281,
    58304,
    63267,
    56658,
    66777,
    49905,
    56464,
    61487,
    25359,
    46223,
    48066,
    -27096,
    45815,
    53307,
    27301,
    2531,
    -66172,
    35998,
    44777,
    -17022,
    -41983,
    26409,
    -59510,
    -18020,
    -63308,
    34816,
    29467,
    39666,
    -22947,
    -58690
  ],
  [
    -66568,
    -13210,
    -39551,
    -38959,
    30543,
    1888,
    -62161,
    -47316,
    -39326,
    -63130,
    -61964,
    -66462,
    0,
    -32319,
    -63533,
    -64172,
    -63127,
    -68595,
    -37480,
    -70267,
    -59918,
    -64656,
    -52569,
    -25516,
    -48994,
    -49643,
    -38070,
    -12566,
    -58428,
    -23146,
    1508,
    -43294,
    -64581,
    -69776,
    -9409,
    -63253,
    -49840,
    -60317,
    -14033,
    4503,
    -45677,
    -6470,
    34724,
    42382,
    -18421,
    -43101,
    -7668,
    -62951,
    -60937,
    10600,
    -67882,
    -68918,
    -61782,
    -60769,
    -60517,
    -68488,
    -62062,
    -54245,
    -66094,
    -69823,
    2272,
    -54509,
    -15874,
    -56349,
    -69767,
    -69276,
    -58212,
    -58355,
    23701,
    -54321,
    -67112,
    -57776,
    -29289,
    -63212,
    -50616,
    -67995,
    -67313,
    -34593,
    39608,
    -45229,
    -18416,
    -55554,
    -35769,
    -43593,
    -62512,
    -60399,
    -56746,
    -71587,
    -56262,
    -44799,
    -57345,
    -60300,
    -62695,
    -54026,
    -56384,
    -65595,
    -64680,
    -63342,
    -69588,
    -66601,
    -64998,
    -57620,
    -60272,
    -54859,
    -64514,
    -65489
  ],
  [
    -64332,
    27266,
    -15707,
    -8530,
    46303,
    34149,
    -59013,
    -23093,
    -10116,
    -62101,
    -59001,
    -56637,
    32319,
    0,
    -60686,
    -56084,
    -56332,
    -60345,
    -23075,
    -69886,
    -49111,
    -62542,
    -41106,
    15110,
    -32298,
    -33830,
    -7095,
    18819,
    -49900,
    8166,
    38118,
    -20136,
    -66662,
    -66618,
    24833,
    -57785,
    -30548,
    -63571,
    25704,
    36510,
    -28907,
    23533,
    54299,
    56065,
    16693,
    -18060,
    27887,
    -60299,
    -58014,
    37988,
    -58132,
    -66269,
    -64556,
    -66426,
    -63946,
    -69248,
    -56943,
    -45210,
    -67000,
    -63976,
    29029,
    -31946,
    15169,
    -47550,
    -67813,
    -67954,
    -58228,
    -55638,
    45766,
    -46058,
    -70464,
    -33635,
    5210,
    -52354,
    -29726,
    -67682,
    -67470,
    4122,
    53537,
    -21646,
    20003,
    -43973,
    -3080,
    -16109,
    -54500,
    -47590,
    -44736,
    -65085,
    -45060,
    -27179,
    -60201,
    -57939,
    -68729,
    -49324,
    -43440,
    -58905,
    -68032,
    -57057,
    -61049,
    -64793,
    -67494,
    -50637,
    -49081,
    -44506,
    -63490,
    -66475
  ],
  [
    14556,
    62871,
    54894,
    62311,
    62762,
    62093,
    -9227,
    56722,
    60690,
    12207,
    -15023,
    741,
    63533,
    60686,
    0,
    -13621,
    5401,
    -26034,
    53065,
    -46115,
    996,
    2827,
    26730,
    54742,
    50015,
    42612,
    57159,
    62556,
    39859,
    65339,
    64316,
    56716,
    -52698,
    -59340,
    66603,
    20831,
    40703,
    -33247,
    63525,
    63331,
    48620,
    62501,
    61778,
    63979,
    61947,
    56201,
    64752,
    -9598,
    -10773,
    66948,
    4289,
    -1450,
    5978,
    -35705,
    -6640,
    -47769,
    12586,
    46907,
    -59104,
    -43785,
    63149,
    51491,
    58749,
    35980,
    -68861,
    -13552,
    24476,
    12338,
    63557,
    35909,
    -49265,
    46765,
    54816,
    24940,
    43052,
    -64627,
    -43584,
    61386,
    67984,
    57480,
    60439,
    44652,
    57410,
    52777,
    28587,
    44677,
    44855,
    -29973,
    42493,
    54086,
    32557,
    1652,
    -62240,
    29681,
    45776,
    -25422,
    -37268,
    23038,
    -57226,
    -10917,
    -63985,
    29165,
    27878,
    47976,
    -19927,
    -54565
  ],
  [
    19043,
    63589,
    41942,
    49370,
    57281,
    57010,
    -996,
    52799,
    56881,
    14719,
    -586,
    9425,
    64172,
    56084,
    13621,
    0,
    16266,
    -22229,
    53582,
    -30186,
    1132,
    15008,
    41672,
    53595,
    38929,
    45721,
    46454,
    55197,
    28758,
    55721,
    59968,
    54771,
    -44208,
    -60023,
    56233,
    17787,
    43066,
    -38924,
    56247,
    63464,
    52977,
    60419,
    58560,
    62170,
    56342,
    57380,
    60443,
    7879,
    1374,
    67579,
    10264,
    9413,
    13000,
    -21032,
    7042,
    -36534,
    21817,
    38382,
    -45209,
    -30561,
    62051,
    41168,
    59417,
    39689,
    -54459,
    -6204,
    34175,
    20229,
    65751,
    30796,
    -61608,
    45202,
    51928,
    27234,
    34102,
    -56168,
    -22663,
    54594,
    64384,
    49688,
    63529,
    41680,
    55810,
    52249,
    34144,
    37056,
    37795,
    -20407,
    40983,
    54216,
    36689,
    8395,
    -62793,
    32982,
    39789,
    -6946,
    -25909,
    27513,
    -59566,
    -2369,
    -68944,
    38318,
    27380,
    36156,
    -12232,
    -49585
  ],
  [
    9224,
    57369,
    42558,
    45295,
    56697,
    56743,
    -13215,
    49696,
    46773,
    1798,
    -12566,
    -1143,
    63127,
    56332,
    -5401,
    -16266,
    0,
    -35384,
    54611,
    -42034,
    -10396,
    -2174,
    28027,
    49414,
    32880,
    36272,
    42297,
    55165,
    26032,
    55316,
    59457,
    51204,
    -53689,
    -64422,
    61818,
    10896,
    39724,
    -43652,
    61127,
    60709,
    45137,
    63104,
    62968,
    63331,
    56387,
    50488,
    54641,
    -9620,
    -13881,
    56242,
    -2443,
    -4717,
    3235,
    -28986,
    -16307,
    -46706,
    8943,
    34240,
    -53189,
    -40802,
    60951,
    37479,
    57832,
    30599,
    -64954,
    -14042,
    14802,
    5806,
    60250,
    22486,
    -61888,
    44279,
    52985,
    19242,
    31718,
    -57687,
    -36443,
    55528,
    63721,
    43642,
    58855,
    36277,
    47309,
    53309,
    26131,
    27974,
    37215,
    -27796,
    32854,
    45862,
    17928,
    -4000,
    -67491,
    28322,
    31618,
    -23927,
    -37139,
    23031,
    -60655,
    -15991,
    -71253,
    23545,
    14816,
    27048,
    -21375,
    -56817
  ],
  [
    33253,
    69287,
    56887,
    57391,
    66970,
    62161,
    22647,
    58137,
    57727,
    28211,
    19969,
    25757,
    68595,
    60345,
    26034,
    22229,
    35384,
    0,
    62918,
    -8635,
    28735,
    26502,
    51458,
    61956,
    50747,
    57152,
    55216,
    60846,
    46288,
    65920,
    60399,
    56772,
    -34178,
    -51620,
    64850,
    36441,
    54872,
    -10267,
    59364,
    64301,
    59433,
    67848,
    66354,
    62352,
    63111,
    58222,
    56739,
    24988,
    22619,
    65206,
    27683,
    26782,
    29350,
    -10692,
    14687,
    -13775,
    38226,
    53075,
    -28936,
    -13254,
    62571,
    51470,
    65243,
    57116,
    -57491,
    5345,
    42870,
    41158,
    69049,
    45517,
    -45593,
    61314,
    59370,
    36182,
    50908,
    -47123,
    -5090,
    60768,
    64646,
    61497,
    62880,
    52904,
    55570,
    56828,
    40807,
    53777,
    48144,
    -9587,
    52245,
    55218,
    44814,
    23577,
    -66454,
    42724,
    48009,
    2613,
    -2461,
    35160,
    -45075,
    13935,
    -65462,
    46148,
    37768,
    51656,
    2606,
    -27254
  ],
  [
    -39418,
    39860,
    9313,
    9427,
    45406,
    35657,
    -55996,
    3569,
    18610,
    -52589,
    -51892,
    -56485,
    37480,
    23075,
    -53065,
    -53582,
    -54611,
    -62918,
    0,
    -64080,
    -45828,
    -54245,
    -34557,
    25336,
    -2828,
    -14462,
    9250,
    31008,
    -24929,
    28823,
    40889,
    14255,
    -69759,
    -64459,
    39062,
    -27801,
    -5940,
    -61686,
    30270,
    44487,
    -7583,
    39754,
    55173,
    51452,
    33963,
    4463,
    36225,
    -55487,
    -53375,
    45703,
    -50511,
    -55128,
    -48244,
    -55454,
    -49307,
    -61831,
    -51838,
    -9123,
    -65188,
    -63066,
    40306,
    -7751,
    32394,
    -29959,
    -70895,
    -55976,
    -41169,
    -42235,
    50082,
    -15333,
    -64022,
    -19899,
    24133,
    -23597,
    -7081,
    -67195,
    -57808,
    24046,
    58750,
    7985,
    39847,
    -16591,
    16392,
    7970,
    -32438,
    -16106,
    -13948,
    -55116,
    -17071,
    -1229,
    -37580,
    -53459,
    -70392,
    -29052,
    -12824,
    -56388,
    -66037,
    -40939,
    -70573,
    -53072,
    -69912,
    -35414,
    -23926,
    -15169,
    -51591,
    -69761
  ],
  [
    54894,
    61019,
    63861,
    68970,
    69127,
    67469,
    32675,
    67540,
    67190,
    46764,
    33655,
    50559,
    70267,
    69886,
    46115,
    30186,
    42034,
    8635,
    64080,
    0,
    38277,
    44692,
    50939,
    66813,
    63494,
    59851,
    62057,
    67472,
    61648,
    63208,
    66690,
    67860,
    -14783,
    -32404,
    66483,
    52441,
    61715,
    -1427,
    64183,
    69380,
    63944,
    68855,
    66562,
    65702,
    67625,
    63964,
    64960,
    35448,
    30244,
    64169,
    48237,
    48167,
    47820,
    4601,
    35932,
    6982,
    45819,
    65524,
    -25984,
    2408,
    66752,
    64657,
    66585,
    63574,
    -56632,
    35925,
    61405,
    52339,
    65194,
    63434,
    -28558,
    62159,
    63192,
    56536,
    63745,
    -43623,
    12459,
    68162,
    70397,
    66372,
    66614,
    65369,
    67859,
    66603,
    56996,
    58599,
    64837,
    12550,
    61925,
    68091,
    58466,
    48916,
    -55311,
    59304,
    62636,
    30962,
    10160,
    54703,
    -33016,
    37267,
    -54529,
    62857,
    60012,
    67248,
    19842,
    -21490
  ],
  [
    9276,
    55585,
    37868,
    39324,
    59477,
    52919,
    -6174,
    43903,
    50589,
    5101,
    -11994,
    -4181,
    59918,
    49111,
    -996,
    -1132,
    10396,
    -28735,
    45828,
    -38277,
    0,
    7203,
    35256,
    46199,
    34632,
    36647,
    36590,
    53757,
    26007,
    53591,
    57194,
    47984,
    -43432,
    -57344,
    55643,
    10522,
    35918,
    -39950,
    58089,
    60123,
    47116,
    57214,
    61274,
    59972,
    52270,
    49494,
    52505,
    773,
    -4635,
    58318,
    3968,
    -5064,
    2240,
    -20623,
    -10782,
    -33964,
    9201,
    28581,
    -44772,
    -30627,
    60941,
    30157,
    56601,
    33167,
    -57063,
    -19848,
    17696,
    11818,
    62480,
    17845,
    -57841,
    35744,
    48349,
    18977,
    28087,
    -52479,
    -25861,
    47348,
    62028,
    42434,
    58727,
    27939,
    44386,
    47145,
    20826,
    25360,
    32077,
    -24963,
    28999,
    42118,
    17288,
    -4617,
    -62687,
    21062,
    30112,
    -12404,
    -28076,
    19394,
    -44077,
    -12770,
    -55475,
    26236,
    16966,
    28994,
    -14885,
    -39755
  ],
  [
    11224,
    67891,
    51039,
    57259,
    69967,
    63832,
    -13792,
    54765,
    57453,
    5168,
    -13817,
    -6940,
    64656,
    62542,
    -2827,
    -15008,
    2174,
    -26502,
    54245,
    -44692,
    -7203,
    0,
    29167,
    62247,
    43000,
    38262,
    48376,
    68853,
    34915,
    61860,
    63948,
    61295,
    -47532,
    -53692,
    68356,
    18670,
    46681,
    -38063,
    60687,
    68673,
    47662,
    65773,
    67401,
    73776,
    59126,
    53395,
    66662,
    -4833,
    -3540,
    66367,
    1382,
    -3541,
    2187,
    -26326,
    -10181,
    -37209,
    2422,
    44330,
    -49411,
    -36856,
    65515,
    45973,
    65736,
    32175,
    -57512,
    -21036,
    19747,
    16222,
    62178,
    36528,
    -47684,
    41936,
    58328,
    20974,
    39805,
    -59308,
    -34343,
    58657,
    66757,
    54449,
    67179,
    50074,
    57122,
    61411,
    32179,
    42083,
    42341,
    -31749,
    42945,
    54680,
    23843,
    -3694,
    -62656,
    31419,
    44790,
    -21898,
    -32757,
    17602,
    -60370,
    -13994,
    -62477,
    31256,
    28002,
    41245,
    -23721,
    -53750
  ],
  [
    -13755,
    51639,
    17657,
    20450,
    52103,
    47870,
    -41444,
    24525,
    36159,
    -24950,
    -31322,
    -29116,
    52569,
    41106,
    -26730,
    -41672,
    -28027,
    -51458,
    34557,
    -50939,
    -35256,
    -29167,
    0,
    38497,
    16672,
    16606,
    22086,
    43632,
    5764,
    44644,
    49356,
    32567,
    -60303,
    -67086,
    50361,
    -9295,
    13549,
    -52873,
    49536,
    55178,
    24003,
    53863,
    61461,
    63306,
    42516,
    33929,
    46209,
    -37566,
    -33000,
    47814,
    -23837,
    -25744,
    -25584,
    -38664,
    -38521,
    -57658,
    -17382,
    8320,
    -56752,
    -47406,
    58765,
    12438,
    44337,
    3868,
    -65301,
    -38369,
    -8515,
    -19338,
    61868,
    2812,
    -67033,
    11747,
    44332,
    -7206,
    16586,
    -59370,
    -49626,
    35263,
    61235,
    28599,
    49337,
    13274,
    32652,
    35741,
    -1835,
    6743,
    7038,
    -47743,
    12742,
    27413,
    -2766,
    -30483,
    -67681,
    858,
    6448,
    -44094,
    -48455,
    -9497,
    -64965,
    -33429,
    -71060,
    -1383,
    -3556,
    14741,
    -40466,
    -61232
  ],
  [
    -61862,
    20647,
    -27897,
    -18855,
    47090,
    17858,
    -58213,
    -26501,
    -13799,
    -56837,
    -57828,
    -60732,
    25516,
    -15110,
    -54742,
    -53595,
    -49414,
    -61956,
    -25336,
    -66813,
    -46199,
    -62247,
    -38497,
    0,
    -38861,
    -38630,
    -19444,
    7956,
    -54328,
    -1116,
    29979,
    -19835,
    -66953,
    -63553,
    18143,
    -56096,
    -36601,
    -58924,
    15350,
    30047,
    -27432,
    12801,
    46620,
    51039,
    6978,
    -25555,
    9847,
    -56481,
    -51283,
    35654,
    -65230,
    -65353,
    -64817,
    -60396,
    -55933,
    -59161,
    -54539,
    -54164,
    -67838,
    -68664,
    18677,
    -44409,
    7021,
    -48983,
    -66998,
    -63921,
    -59716,
    -56220,
    38266,
    -54275,
    -62958,
    -44720,
    -9672,
    -51370,
    -39092,
    -62976,
    -64272,
    -8219,
    51056,
    -28807,
    6479,
    -50471,
    -9344,
    -28531,
    -53882,
    -49227,
    -46318,
    -66073,
    -48819,
    -37685,
    -51275,
    -62466,
    -69768,
    -49559,
    -45332,
    -62321,
    -64383,
    -57104,
    -62086,
    -63876,
    -70703,
    -47265,
    -58083,
    -48520,
    -69870,
    -69068
  ],
  [
    -48609,
    49793,
    15076,
    18443,
    57365,
    48028,
    -40605,
    8242,
    23273,
    -46554,
    -41467,
    -52855,
    48994,
    32298,
    -50015,
    -38929,
    -32880,
    -50747,
    2828,
    -63494,
    -34632,
    -43000,
    -16672,
    38861,
    0,
    -4765,
    24205,
    42193,
    -30747,
    39656,
    50000,
    15059,
    -64782,
    -61393,
    47811,
    -42669,
    1485,
    -49169,
    43220,
    53257,
    316,
    39712,
    57209,
    57941,
    42256,
    10241,
    54055,
    -36321,
    -40410,
    52053,
    -51248,
    -53943,
    -46535,
    -61667,
    -46482,
    -60045,
    -41106,
    -22560,
    -65145,
    -63868,
    46013,
    -9148,
    42653,
    -24367,
    -68315,
    -56730,
    -30666,
    -40194,
    56056,
    -23735,
    -61267,
    -17022,
    30254,
    -38483,
    -14159,
    -64468,
    -60859,
    29795,
    62879,
    8721,
    40034,
    -18300,
    34692,
    12246,
    -29692,
    -21389,
    -20461,
    -60919,
    -18031,
    5389,
    -28305,
    -51326,
    -70898,
    -32488,
    -18117,
    -63971,
    -59612,
    -40599,
    -64051,
    -61633,
    -69726,
    -23461,
    -36052,
    -14753,
    -68495,
    -66730
  ],
  [
    -31919,
    51347,
    20673,
    20605,
    53464,
    45726,
    -42629,
    18208,
    29828,
    -40195,
    -44639,
    -44594,
    49643,
    33830,
    -42612,
    -45721,
    -36272,
    -57152,
    14462,
    -59851,
    -36647,
    -38262,
    -16606,
    38630,
    4765,
    0,
    18146,
    45416,
    -12031,
    39036,
    51464,
    26729,
    -62196,
    -65668,
    47179,
    -24321,
    2408,
    -53604,
    46502,
    52655,
    8598,
    49045,
    61220,
    56018,
    40622,
    18012,
    46291,
    -40624,
    -39992,
    47379,
    -39271,
    -42429,
    -42797,
    -56487,
    -48566,
    -55379,
    -41375,
    -3703,
    -63638,
    -60251,
    46196,
    4695,
    44559,
    -15681,
    -72088,
    -47540,
    -24473,
    -33419,
    55278,
    -13274,
    -62816,
    -12707,
    33680,
    -24075,
    3442,
    -68857,
    -61262,
    36371,
    59257,
    18995,
    43901,
    -5327,
    31375,
    24037,
    -24323,
    -12263,
    -7813,
    -59193,
    -7780,
    16112,
    -26084,
    -46619,
    -67176,
    -20426,
    -5588,
    -46598,
    -58326,
    -19158,
    -60563,
    -48676,
    -66903,
    -14435,
    -23611,
    -6889,
    -52458,
    -61848
  ],
  [
    -48261,
    27619,
    -6296,
    -1124,
    49825,
    36095,
    -45148,
    -15327,
    5637,
    -51348,
    -45617,
    -49755,
    38070,
    7095,
    -57159,
    -46454,
    -42297,
    -55216,
    -9250,
    -62057,
    -36590,
    -48376,
    -22086,
    19444,
    -24205,
    -18146,
    0,
    29618,
    -37161,
    20064,
    37443,
    -3931,
    -67864,
    -56906,
    35530,
    -52185,
    -19436,
    -54986,
    27819,
    38896,
    -7886,
    25229,
    52380,
    59873,
    25798,
    -8882,
    30644,
    -46931,
    -39062,
    46054,
    -58715,
    -55017,
    -48682,
    -66745,
    -56806,
    -63036,
    -47233,
    -37210,
    -66088,
    -62326,
    34699,
    -34473,
    20301,
    -33007,
    -63868,
    -60655,
    -48060,
    -49166,
    45314,
    -36909,
    -60415,
    -21608,
    17436,
    -48250,
    -30115,
    -62712,
    -60246,
    9431,
    51840,
    -7857,
    23343,
    -33129,
    16192,
    -10980,
    -38589,
    -34931,
    -36158,
    -61807,
    -33399,
    -9967,
    -43110,
    -50497,
    -66002,
    -41007,
    -31416,
    -62654,
    -57265,
    -50826,
    -58581,
    -57513,
    -64523,
    -34774,
    -50121,
    -34802,
    -63083,
    -63239
  ],
  [
    -63878,
    2315,
    -45368,
    -30360,
    47163,
    15776,
    -56751,
    -35493,
    -22786,
    -59641,
    -59326,
    -66213,
    12566,
    -18819,
    -62556,
    -55197,
    -55165,
    -60846,
    -31008,
    -67472,
    -53757,
    -68853,
    -43632,
    -7956,
    -42193,
    -45416,
    -29618,
    0,
    -58408,
    -6633,
    12434,
    -30623,
    -66300,
    -59315,
    8893,
    -59627,
    -36870,
    -59844,
    6251,
    22454,
    -35111,
    7578,
    47886,
    50443,
    -7794,
    -29429,
    1824,
    -57502,
    -55031,
    27018,
    -65735,
    -64455,
    -63127,
    -64364,
    -65026,
    -64692,
    -60822,
    -52189,
    -68075,
    -70069,
    10908,
    -50566,
    -4988,
    -50162,
    -69093,
    -66199,
    -54801,
    -58060,
    31908,
    -58884,
    -66479,
    -45163,
    -15357,
    -62472,
    -50414,
    -67919,
    -64777,
    -18282,
    41656,
    -37068,
    -912,
    -51415,
    -21631,
    -35605,
    -59188,
    -54321,
    -51709,
    -66691,
    -51597,
    -31364,
    -53714,
    -62270,
    -68934,
    -51867,
    -48580,
    -67249,
    -64769,
    -62106,
    -62465,
    -63946,
    -68858,
    -49647,
    -58765,
    -59443,
    -61483,
    -70176
  ],
  [
    -33154,
    58634,
    42434,
    44203,
    58627,
    61151,
    -37106,
    44419,
    50452,
    -30105,
    -45470,
    -40476,
    58428,
    49900,
    -39859,
    -28758,
    -26032,
    -46288,
    24929,
    -61648,
    -26007,
    -34915,
    -5764,
    54328,
    30747,
    12031,
    37161,
    58408,
    0,
    51466,
    63714,
    45131,
    -61016,
    -59711,
    60273,
    -18615,
    19533,
    -43522,
    57708,
    60039,
    19143,
    59493,
    61514,
    63423,
    54691,
    35273,
    56800,
    -33615,
    -34412,
    63903,
    -38030,
    -38596,
    -36527,
    -56313,
    -43194,
    -60890,
    -26976,
    16513,
    -67158,
    -59766,
    57588,
    25380,
    56919,
    -3022,
    -70589,
    -48875,
    -16928,
    -29594,
    61908,
    10107,
    -57448,
    3987,
    53224,
    -10877,
    26793,
    -63113,
    -53935,
    56524,
    60741,
    40495,
    56256,
    14265,
    47550,
    35551,
    -13321,
    18079,
    8061,
    -56920,
    8489,
    27787,
    -14884,
    -40376,
    -68412,
    -12827,
    8256,
    -57236,
    -57612,
    -20001,
    -60377,
    -52593,
    -63658,
    -13627,
    -7993,
    11023,
    -54878,
    -56534
  ],
  [
    -62198,
    10934,
    -26925,
    -29376,
    35502,
    25487,
    -57037,
    -26921,
    -16815,
    -60238,
    -57037,
    -63647,
    23146,
    -8166,
    -65339,
    -55721,
    -55316,
    -65920,
    -28823,
    -63208,
    -53591,
    -61860,
    -44644,
    1116,
    -39656,
    -39036,
    -20064,
    6633,
    -51466,
    0,
    23210,
    -28253,
    -67306,
    -66939,
    9822,
    -58091,
    -34425,
    -60766,
    12418,
    19494,
    -30170,
    14930,
    46757,
    43967,
    8564,
    -23272,
    12607,
    -56555,
    -57633,
    33271,
    -63141,
    -64352,
    -61477,
    -68264,
    -58925,
    -68444,
    -58139,
    -46895,
    -67406,
    -65762,
    17495,
    -38261,
    -4284,
    -51663,
    -68689,
    -66590,
    -58877,
    -56941,
    35816,
    -49763,
    -67923,
    -45960,
    -1526,
    -54607,
    -38079,
    -65510,
    -66166,
    -7897,
    46617,
    -26638,
    6172,
    -44784,
    -6326,
    -23698,
    -58288,
    -48970,
    -47050,
    -58976,
    -52146,
    -31557,
    -56999,
    -59750,
    -70019,
    -53654,
    -41940,
    -59780,
    -61678,
    -57431,
    -72960,
    -63375,
    -69499,
    -50596,
    -56499,
    -46173,
    -64818,
    -64603
  ],
  [
    -63003,
    -12123,
    -41340,
    -43156,
    24070,
    -2089,
    -65718,
    -48004,
    -34802,
    -58838,
    -62943,
    -68134,
    -1508,
    -38118,
    -64316,
    -59968,
    -59457,
    -60399,
    -40889,
    -66690,
    -57194,
    -63948,
    -49356,
    -29979,
    -50000,
    -51464,
    -37443,
    -12434,
    -63714,
    -23210,
    0,
    -44289,
    -66180,
    -67770,
    -12682,
    -61642,
    -50327,
    -66778,
    -12783,
    8362,
    -50562,
    -11394,
    29514,
    39351,
    -15043,
    -49623,
    -10859,
    -62809,
    -55908,
    11284,
    -63638,
    -63869,
    -65326,
    -69291,
    -63262,
    -69096,
    -59849,
    -55435,
    -69585,
    -68177,
    3041,
    -54131,
    -18590,
    -62689,
    -69259,
    -64180,
    -62523,
    -61378,
    26471,
    -54610,
    -67064,
    -57667,
    -31791,
    -61864,
    -55499,
    -66698,
    -67863,
    -35875,
    37937,
    -45606,
    -12574,
    -56518,
    -27677,
    -43512,
    -63736,
    -63300,
    -57895,
    -64848,
    -57769,
    -41479,
    -58997,
    -66960,
    -72211,
    -57694,
    -53927,
    -66804,
    -65037,
    -56733,
    -67713,
    -64869,
    -68636,
    -58514,
    -57580,
    -56213,
    -62974,
    -68390
  ],
  [
    -57496,
    40241,
    1838,
    6523,
    54194,
    49512,
    -54123,
    -3653,
    11764,
    -50019,
    -57070,
    -58718,
    43294,
    20136,
    -56716,
    -54771,
    -51204,
    -56772,
    -14255,
    -67860,
    -47984,
    -61295,
    -32567,
    19835,
    -15059,
    -26729,
    3931,
    30623,
    -45131,
    28253,
    44289,
    0,
    -69142,
    -67228,
    39263,
    -50227,
    -18044,
    -60190,
    38561,
    47720,
    -13711,
    38528,
    59042,
    57974,
    27875,
    -4258,
    33669,
    -47811,
    -48976,
    53457,
    -60015,
    -60424,
    -59932,
    -62037,
    -59650,
    -60057,
    -55119,
    -38414,
    -72809,
    -68446,
    40417,
    -21745,
    31167,
    -40212,
    -67169,
    -67554,
    -48741,
    -53889,
    43228,
    -39822,
    -67892,
    -33629,
    17221,
    -45102,
    -19024,
    -67302,
    -63220,
    16288,
    60407,
    -8592,
    33359,
    -33290,
    11194,
    -10822,
    -48509,
    -41740,
    -35215,
    -62230,
    -39229,
    -20827,
    -40605,
    -56858,
    -71025,
    -43587,
    -28481,
    -68345,
    -62985,
    -45559,
    -64869,
    -61066,
    -73245,
    -44053,
    -50701,
    -35926,
    -65542,
    -70701
  ],
  [
    58619,
    67815,
    65285,
    66162,
    70208,
    66220,
    45328,
    63613,
    69709,
    58303,
    43931,
    56374,
    64581,
    66662,
    52698,
    44208,
    53689,
    34178,
    69759,
    14783,
    43432,
    47532,
    60303,
    66953,
    64782,
    62196,
    67864,
    66300,
    61016,
    67306,
    66180,
    69142,
    0,
    -24828,
    66851,
    55119,
    62259,
    30332,
    69310,
    69300,
    66394,
    65297,
    71988,
    67185,
    69547,
    70142,
    71466,
    52166,
    47763,
    62543,
    47988,
    56536,
    57722,
    15054,
    45700,
    14784,
    58315,
    68270,
    -6891,
    19395,
    72312,
    68456,
    67597,
    64918,
    -48543,
    37286,
    54926,
    55371,
    68786,
    61228,
    -16390,
    69333,
    66374,
    58906,
    68490,
    -31699,
    25562,
    69364,
    71695,
    70880,
    66462,
    63490,
    70802,
    67579,
    66547,
